Gmlonrrreseror 000 11000000 000 000060. 247

1600 60000163 00 00013 000 01610 6160 01000 mit 1603600 3000610
601. 66106 600600600060 16000060 1660 immor 60360011011100
610. 0006010060 6100101616 3100006006, 0103600 00011360 616 im
(1666106010, 066660 text 00 60 2000 6061160 00000 0600000003
0600066600 060.

Sein lieblingswerk, 06660 bis 10 66106 1600060 0636006306,
wer 6610 Homer. die 0600600000360 000 3000060000 016100
06061 16106060 16360 zum 00611 016 00006οἰ60060 0100060 060.
1161010606 000060160οθ arbeit 160066 00006060 0000066 werth. Wolfs
prolegomena 6100 610 000003110066 work 000 0006030031160 160
sein verdienst 016 homorisohen 6000160 061600 00 06060, 6000
was er 100 060 text wirklioh 361616060 060066 0010 060 ver-
316100 0010 1161010606 16160003 01000 606. 616 06101060 66106 00006-
0160060 0036006000160, 016 60 10611100 016 3600 6013636060 06006,
wieder aufnahm wer der 6060316006 0600061000 worden das 610-
0136 00 60600606006 000 610013 60061000606 0161 000060160οο0
1010110 661 016 0606060003 066 601606000160060 textos, 001010616- ’
rem 61006 31603 06101060 606 von 000616036060 000 6116601360
06006000οη3 060 60610316 060 000060160οο0 6006006. 000 06-
00000 060 60 3006666 000 31000110066 361616060. 06 mag sein·
doss 60 06010 0061060 36360360 160 616 werke 6000 0606001606-
060 0660600006116 000 verschiedener 061060 66 60160060, zum
06160161 10 060 consequenter 000001000003 066 0136000066. wenn
0060 00061161 00666006 6061106 6010000 106106 606006 00600003003
60036360, 0606000606 6060 mit 06000, 060 0606000 61060 000-
600060060 3660610003 066 homerisohen textos 0606 610006136-
0630 werden 000666ος 000 10610600 00006 60 066660 36110360
konnen. ’

Wie 11610616 0601161160 01000 0106 610 3006660 philolog,
sondern 610 30060 000 60160 mensch. 60 wor 610 mann von
1660600 066000013600 61006 000 von feinem und 16060013600 36-
10016, 060 06016060] mute 000 106160 060601000160000 366100003.
066 36006106 000 0010616 war ihm verhosst. 616 016 06006-
3036006006 063600 000 0000001366 361100060 0016 manner, 6000
1161010606 106000 000 060636006660 00016160060060, 600660616,
0606 60 im 61006 060 60600 von den sussen zu 6000006Ιο 000
0Εο31600 6100 0106 600006 00 600060; 610 006000οι013οο brief
³11 Samuel Ρ600 6001000 davon; 060 06666060 0610 066 06060-
160066 060 60 6100 00001100 3610000 000 was 066 160006 jahr uns

 

